7273
1260
1334
1361
1103
1038
1269
7925
1362
1558
1193
1383
1365
1435
1437
1380
1393
1360
8170
1272
1381
1204
1442
1443
1052
1366
1275
1385
1108
1258
1095
1213
1237
1403
7332
7331
7683
1261
1434
1333
1037
1390
1293
1343
1369
1419
1168
1264
7682
1405
1432
1180
1391
1102
1104
7326
7814
1417
7509
7902
1441
7790
7743
8017
1265
7940
1395
7924
1552
1356
1401
1190
1280
1120
7912
7505
7405
1292
1121
1114
8161
1112
8177
7911
7910
1439
1238
7507
1396
1230
1471
1097
7926
1562
1218
1406
7329
7327
7353
7967
7906
7907
7909
1402
1368
1363
7506
1285
1288
1289
1291
7379
1165
1407
7744
7508
1206
7927
1263
1227
1423
1049
1438
1101
1555
1556
1367
1557
1377
1040
1182
1207
1099
1096
1235
1234
1192
1205
1282
1278
8176
7328
7944
7908
1444
7378
8172
1287
1379
7381
7404
7406
7403
7370
7900
1208
7407
7939
8171
1217
1164
1053
1563
1274
7928
7740
7399
7277
7278
7279
7280
7281
7282
7293
7283
7284
7286
7289
7290
7291
7294
7295
7297
7298
7299
7303
7307
7308
7310
7309
7311
7312
7315
7316
7318
1194
8036
7501
8077
8040
8039
8041
8057
8033
8102
8042
8080
8079
8037
8076
8027
8066
7387
7440
7372
7384
7386
7388
7391
7392
7393
7394
7395
7396
7397
7398
7317
7986
1119
7746
7360
7296
7371
7287
7361
1445
1136
7531
7364
7305
7306
7365
7288
7411
7409
7413
1098
7888
8136
7502
7503
7889
7416
7436
7431
7424
7437
7432
7425
7438
7426
7433
7439
7427
7418
7429
7419
7430
7420
7428
7421
7434
7422
7435
7536
7447
7520
7448
7443
7449
7445
7446
7496
7498
7450
1105
7470
7471
7458
7484
7459
7465
7466
7461
7462
7463
7467
7469
7885
7476
7410
7472
7481
7473
7477
7482
7478
7485
7486
7479
7480
7494
7490
7491
7492
7493
7495
7487
7488
7497
7500
7475
7883
1191
7886
7389
7980
8103
7655
7882
7852
7401
7689
7423
7720
7695
7711
7691
7708
7700
7692
7702
7714
7703
7710
7718
7719
7705
7707
7749
7460
7474
7285
7300
1116
7794
7792
7842
7843
7982
8125
7938
8132
7901
7489
7884
7266
7713
1359
7972
7979
7973
7971
7974
7978
7936
7949
7952
7954
7955
7953
7956
7961
7959
7962
7960
7963
7951
7950
7965
7958
7966
7943
7933
7942
7934
7935
7976
7946
7968
7977
7464
8142
7947
7984
8174
7887
7468
7385
7368
7988
8159
7989
7991
7993
7996
8001
7998
8126
8045
8160
8016
8015
8022
8021
8023
8024
8032
8028
8031
8034
8026
8030
8029
7992
8043
8062
8091
8084
8074
8063
8054
8038
8055
8078
8093
8069
8098
8056
8065
8099
8070
8071
8051
8047
8059
8087
8088
8048
8060
8072
8089
8052
8061
8090
7990
8105
8106
8133
8112
8108
8113
8109
8134
8116
8110
8122
8117
8135
8128
8129
8123
8118
8130
8119
8115
7945
8137
8150
8145
8155
8151
8146
8141
8156
8147
8157
8148
8144
8149
8124
8165
7941
1107
8166
8167
8169
8163
8164
8083
1109
8175
8173
8181
8182
8178
8179
8186
8199
8195
8200
8191
8190
8185
8197
8198
8025
8201
8202
